0 2345 1216 2207 3016 1334 1322 1474 1278 1234 2572 2544 1656 2138 1190 2273 2277 160 3143 2302 2630 2750 1647 1882 2880 1319 1238 2416 1179 1605 1198 2961
10 2552 1883 2716 2635 2806 2171 1719 1752 17 1965 2759 504 432 2963 2631 2769 2024 207 406 1272 2117 2765 1630 1927
100 1461 3144 2024 2701 2626 2944 380 2829 2171
1000 1584 1242 3127 1193 1412 2817 2571 1334 2413 1648 2445 1863 2624 2038 3087 1823 2620
10000 2665 1814 2168 1466 1436 2654 1256 2913 1909 1461 2082 2805 2341 2821 2945 2846 2764 2011 45 1443 2646 2807 2139 1758 2992 3117 2689 1980 2905 2475 1981 3111 2679 2572 2953 1920 2783 2516 164 3054 1854 3005 2663 3052 1658 3003 907 1633 1260 2673 1628 2966 2208
10003 1772 2487 1203 1356 2389 1605 1465 1432 2841 1323 1212 3125 2571 2082 2348 2933 1968 1255 1633 1209 2673 2904 2643 1273 3111 145 1326 2674 2848 3054 2923 2689 3138 3128 2766 2550 1455 2773 2846 2893 2743 3022 36 3089 2925 165 2451 1186 1725 1330 2119 1739 2346 2339 2724 3118 442 979 2728 1041 945 795 2349 2208
10005 2483 1456 2667 1326 2276 2647 1772 1539 1856 2696 2893 2897 2116 2550 2018 1367 1833 3115 2733 2972 2514 2392 3117 2611 1445 1460 2754 2803 374 2760 2809 2252 1441 461 1705 1167 95 553 2816 738 2939 2346 371 1875 19 3128 2728 3055 1012 3132 2349 2068
10006 1833 2390 1356 2654 1259 1461 2693 1957 1357 2918 2669 2299 2477 1772 1239 1685 2789 3063 2878 2580 2481 1389 1466 2672 3117 2689 2846 1204 152 2393 553 1274 3124 2773 3115 3130 28 3037 2276 92 1941
10007 2386 2161 2380 1436 1979 2487 2231 1967 2571 2829 2027 2338 1802 2785 2361 2450 1706 2992 3087 2606 3125 1235 3001 1892 1890 2833 2941 1465 2173 3040 26 1389 3127 1445 145 1885 3141 553 461 1331 1369 1801 2622 95 2910 623 2132 1739 2124 2620 820 449 1641 3132 2146
10008 2693 2161 2724 1233 2430 2774 1364 2571 1628 1685 1183 1182 2829 2688 2878 2968 2848 2048 3045 2381 2111 1943 2518 2172 145 1821 442 2665 1460 159 2474 2460 1866 3089 2531 1211 36 2629 423 2252 2960 2673 3003 1260
